100
0 0 1 0 0 0 1 0 0 0
62
0 0 0 0 1 0 0 0 0 0
64
0 1 1 0 0 1 1 1 1 1
31
1 1 1 0 1 0 1 1 1 1
80
0 0 0 0 0 1 0 0 1 1
55
0 1 0 1 0 0 0 0 1 0
8
0 1 0 1 1 0 0 0 0 0
12
0 1 0 0 0 0 0 1 1 0
1
1 0 0 0 0 0 1 1 1 0
87
1 1 0 1 0 0 0 0 0 1
100
0 0 0 0 0 1 0 1 1 0
75
0 0 0 0 1 0 0 0 0 0
64
0 0 0 0 1 1 1 0 0 0
4
1 1 0 0 0 1 0 0 0 0
15
0 0 1 0 0 0 0 0 0 0
88
1 0 0 0 0 0 0 0 0 1
90
0 0 0 1 1 0 0 0 0 0
4
1 1 0 0 0 0 0 0 0 0
100
1 1 1 1 0 0 1 1 0 1
90
1 0 1 0 1 0 1 0 0 1
9
1 0 0 0 0 0 0 0 1 1
9
1 0 1 0 1 1 1 0 1 0
46
1 0 0 0 1 0 0 1 0 1
95
0 0 0 0 0 0 0 0 1 0
88
0 0 0 0 0 1 0 1 1 1
8
0 0 0 1 1 0 0 1 1 0
49
0 0 1 0 0 0 0 0 1 0
8
1 1 1 0 0 0 1 1 0 1
62
0 0 1 0 0 0 0 0 0 0
64
0 0 0 1 0 1 0 1 1 1
36
0 0 0 0 0 0 1 0 0 0
66
1 0 0 0 0 0 1 0 0 0
60
0 1 1 0 1 0 0 0 0 1
34
0 1 0 1 0 1 0 0 0 0
45
0 0 0 0 0 0 0 1 0 0
77
1 0 0 0 1 0 1 0 0 0
46
0 1 0 0 1 0 1 0 0 0
41
0 1 1 1 0 0 1 0 0 0
33
0 1 0 0 0 0 0 0 0 0
11
0 0 0 0 1 0 0 0 0 0
64
1 0 0 0 1 0 0 0 0 1
44
1 1 0 0 0 1 1 0 0 0
5
1 1 0 1 1 1 0 0 1 1
61
0 0 0 0 1 0 0 1 0 1
7
0 0 0 1 1 1 0 1 0 0
55
1 0 0 0 1 1 1 1 0 1
3
0 0 0 0 0 0 0 1 1 0
77
0 0 1 1 0 1 1 0 0 0
25
0 0 0 0 0 0 0 1 0 0
2
0 0 1 1 0 1 0 0 0 0
96
0 0 0 0 1 0 0 0 0 1
99
1 1 1 1 1 1 1 0 1 1
64
1 0 1 0 0 0 1 0 0 0
50
0 0 1 0 1 1 0 0 0 1
2
0 1 0 0 0 0 0 0 0 0
11
0 0 1 1 0 0 1 0 0 0
62
1 0 0 0 0 1 1 0 0 0
50
0 1 0 0 1 0 0 0 1 1
41
1 0 1 0 1 0 1 0 0 1
66
1 0 0 1 1 0 1 0 0 1
36
1 1 0 0 0 0 1 0 1 1
81
0 0 0 0 0 0 0 1 0 0
49
0 1 1 1 0 1 1 1 0 0
51
1 1 1 1 0 0 1 1 0 0
37
0 0 0 0 0 1 0 0 0 0
25
0 0 0 0 0 0 1 0 0 0
6
0 1 0 0 0 0 0 0 0 0
11
0 0 0 1 1 0 0 1 0 0
7
0 1 0 1 0 0 0 1 1 0
3
0 0 0 0 0 0 1 0 0 0
36
0 0 0 1 1 1 0 1 0 0
47
0 0 0 0 0 0 1 1 0 0
66
0 0 0 0 1 1 1 0 1 0
86
0 0 0 0 0 0 0 1 0 1
99
0 0 0 0 1 0 0 0 0 0
16
0 0 0 0 0 0 0 0 0 1
99
0 0 1 1 0 0 0 1 0 0
40
1 0 0 0 0 0 1 0 0 1
54
0 0 0 1 0 0 0 0 1 0
83
0 1 0 0 1 0 0 0 0 0
11
1 1 0 1 0 0 0 1 1 1
38
1 1 1 1 1 1 0 0 1 1
93
0 1 0 0 0 0 0 0 0 0
11
1 0 0 1 0 1 1 0 0 1
65
1 0 0 0 0 0 0 0 1 0
80
1 1 0 0 1 1 1 1 1 0
2
0 0 0 0 0 1 0 0 0 0
55
0 1 0 0 0 1 1 0 1 1
99
0 1 1 0 0 0 0 0 0 1
92
0 0 1 0 1 0 0 0 0 0
88
0 0 0 1 0 0 1 0 0 0
63
0 0 0 0 0 0 0 1 0 0
77
0 0 0 0 0 0 0 0 0 1
9
1 0 0 0 1 0 0 0 0 0
44
1 1 0 1 1 0 1 1 1 0
96
1 0 1 0 1 0 0 1 0 1
70
1 1 0 1 0 0 0 0 0 1
33
1 0 0 0 0 0 0 0 0 1
99
1 1 1 1 1 0 0 1 0 1
93
0 0 0 1 1 0 1 0 1 0
6
